2 0.5796875 0.559375 0.54375 0.1296875
2 0.7328125 0.44453125 0.1125 0.06796875
2 0.878125 0.409375 0.06796875 0.03984375
2 0.81640625 0.39296875 0.08125 0.046875
2 0.45390625 0.4015625 0.10390625 0.0328125
2 0.2765625 0.3703125 0.06328125 0.040625
2 0.15703125 0.37421875 0.053125 0.04140625
0 0.21484375 0.46875 0.04375 0.0421875
0 0.05390625 0.41171875 0.059375 0.02109375
0 0.02109375 0.50703125 0.0265625 0.02109375
0 0.25 0.47734375 0.0171875 0.01328125
0 0.29921875 0.47734375 0.02265625 0.0203125
0 0.11640625 0.39921875 0.0140625 0.02109375
2 0.35 0.37265625 0.01953125 0.01875
2 0.6671875 0.38046875 0.01640625 0.01875
2 0.60078125 0.38359375 0.04921875 0.01328125
0 0.22890625 0.40546875 0.0171875 0.0203125
0 0.3015625 0.42578125 0.015625 0.009375