2 0.7171875 0.66796875 0.2875 0.2125
2 0.38203125 0.69921875 0.33359375 0.209375
0 0.95390625 0.9546875 0.05625 0.034375
0 0.6109375 0.79375 0.02734375 0.01875
0 0.8640625 0.7671875 0.0421875 0.01640625
0 0.39765625 0.84375 0.03046875 0.0328125
0 0.365625 0.86796875 0.03125 0.02734375
0 0.3203125 0.88984375 0.025 0.0296875
0 0.1828125 0.88046875 0.040625 0.03359375
0 0.1609375 0.8015625 0.0296875 0.028125
0 0.8671875 0.7625 0.03671875 0.009375
0 0.0359375 0.78828125 0.0484375 0.01875
0 0.0234375 0.79609375 0.046875 0.0171875
0 0.44765625 0.88046875 0.0515625 0.0296875
0 0.4765625 0.8484375 0.02578125 0.025
0 0.59375 0.8453125 0.04609375 0.03046875
0 0.64453125 0.840625 0.0265625 0.025