2 0.5109375 0.60078125 0.3171875 0.05625
0 0.5859375 0.6578125 0.0828125 0.04140625
0 0.946875 0.81875 0.084375 0.08203125
0 0.8296875 0.61796875 0.08125 0.05546875
0 0.2671875 0.62421875 0.053125 0.028125
0 0.15390625 0.6296875 0.0578125 0.0546875
0 0.28203125 0.56953125 0.103125 0.065625
0 0.178125 0.45859375 0.0828125 0.05
0 0.3203125 0.51796875 0.08125 0.0515625
0 0.090625 0.5375 0.1515625 0.0578125
0 0.56171875 0.4859375 0.04609375 0.03046875
0 0.50078125 0.4859375 0.0234375 0.021875
0 0.71484375 0.48359375 0.04296875 0.015625