2 0.4203125 0.559375 0.54375 0.1296875
2 0.2671875 0.44453125 0.1125 0.06796875
2 0.121875 0.409375 0.06796875 0.03984375
2 0.18359375 0.39296875 0.08125 0.046875
2 0.54609375 0.4015625 0.10390625 0.0328125
2 0.7234375 0.3703125 0.06328125 0.040625
2 0.84296875 0.37421875 0.053125 0.04140625
0 0.78515625 0.46875 0.04375 0.0421875
0 0.94609375 0.41171875 0.059375 0.02109375
0 0.97890625 0.50703125 0.0265625 0.02109375
0 0.75 0.47734375 0.0171875 0.01328125
0 0.70078125 0.47734375 0.02265625 0.0203125
0 0.88359375 0.39921875 0.0140625 0.02109375
2 0.65 0.37265625 0.01953125 0.01875
2 0.3328125 0.38046875 0.01640625 0.01875
2 0.39921875 0.38359375 0.04921875 0.01328125
0 0.77109375 0.40546875 0.0171875 0.0203125
0 0.6984375 0.42578125 0.015625 0.009375