2 0.4890625 0.60078125 0.3171875 0.05625
0 0.4140625 0.6578125 0.0828125 0.04140625
0 0.053125 0.81875 0.084375 0.08203125
0 0.1703125 0.61796875 0.08125 0.05546875
0 0.7328125 0.62421875 0.053125 0.028125
0 0.84609375 0.6296875 0.0578125 0.0546875
0 0.71796875 0.56953125 0.103125 0.065625
0 0.821875 0.45859375 0.0828125 0.05
0 0.6796875 0.51796875 0.08125 0.0515625
0 0.909375 0.5375 0.1515625 0.0578125
0 0.43828125 0.4859375 0.04609375 0.03046875
0 0.49921875 0.4859375 0.0234375 0.021875
0 0.28515625 0.48359375 0.04296875 0.015625