2 0.50703125 0.55625 0.09140625 0.13515625
2 0.36484375 0.47421875 0.090625 0.1
2 0.5765625 0.45546875 0.0859375 0.08125
2 0.065625 0.35703125 0.02265625 0.02109375
2 0.37890625 0.35390625 0.040625 0.0203125
2 0.5078125 0.30390625 0.03125 0.0265625
2 0.678125 0.37890625 0.0703125 0.06328125
2 0.74296875 0.32578125 0.01796875 0.01484375
2 0.81171875 0.31171875 0.0125 0.0125
2 0.65625 0.290625 0.03984375 0.0421875
2 0.428125 0.25234375 0.025 0.0234375
2 0.98046875 0.315625 0.03359375 0.015625
2 0.915625 0.30625 0.04375 0.0203125
2 0.4015625 0.27109375 0.01875 0.0078125
2 0.74375 0.26015625 0.128125 0.03515625