2 0.35703125 0.27109375 0.05234375 0.0640625
0 0.37578125 0.48515625 0.0640625 0.05390625
0 0.6453125 0.47890625 0.04765625 0.03671875
0 0.69609375 0.48828125 0.0390625 0.0296875
0 0.84765625 0.54609375 0.04765625 0.0265625
0 0.89921875 0.4484375 0.02578125 0.040625
0 0.9796875 0.478125 0.025 0.05
0 0.321875 0.3984375 0.02265625 0.01875
0 0.16328125 0.546875 0.02109375 0.02421875
0 0.39921875 0.3703125 0.046875 0.02421875
0 0.46015625 0.390625 0.0171875 0.0109375
0 0.5140625 0.37421875 0.06953125 0.03671875
0 0.60078125 0.37734375 0.0484375 0.0296875
0 0.5625 0.3734375 0.01015625 0.0234375
0 0.69453125 0.4078125 0.01796875 0.01484375
0 0.54140625 0.32421875 0.04765625 0.025
0 0.46953125 0.32734375 0.03125 0.01171875
0 0.453125 0.340625 0.01953125 0.01640625
0 0.26875 0.33203125 0.04296875 0.028125
0 0.09765625 0.38203125 0.04921875 0.03203125