2 0.49296875 0.55625 0.09140625 0.13515625
2 0.63515625 0.47421875 0.090625 0.1
2 0.4234375 0.45546875 0.0859375 0.08125
2 0.934375 0.35703125 0.02265625 0.02109375
2 0.62109375 0.35390625 0.040625 0.0203125
2 0.4921875 0.30390625 0.03125 0.0265625
2 0.321875 0.37890625 0.0703125 0.06328125
2 0.25703125 0.32578125 0.01796875 0.01484375
2 0.18828125 0.31171875 0.0125 0.0125
2 0.34375 0.290625 0.03984375 0.0421875
2 0.571875 0.25234375 0.025 0.0234375
2 0.01953125 0.315625 0.03359375 0.015625
2 0.084375 0.30625 0.04375 0.0203125
2 0.5984375 0.27109375 0.01875 0.0078125
2 0.25625 0.26015625 0.128125 0.03515625