2 0.64296875 0.27109375 0.05234375 0.0640625
0 0.62421875 0.48515625 0.0640625 0.05390625
0 0.3546875 0.47890625 0.04765625 0.03671875
0 0.30390625 0.48828125 0.0390625 0.0296875
0 0.15234375 0.54609375 0.04765625 0.0265625
0 0.10078125 0.4484375 0.02578125 0.040625
0 0.0203125 0.478125 0.025 0.05
0 0.678125 0.3984375 0.02265625 0.01875
0 0.83671875 0.546875 0.02109375 0.02421875
0 0.60078125 0.3703125 0.046875 0.02421875
0 0.53984375 0.390625 0.0171875 0.0109375
0 0.4859375 0.37421875 0.06953125 0.03671875
0 0.39921875 0.37734375 0.0484375 0.0296875
0 0.4375 0.3734375 0.01015625 0.0234375
0 0.30546875 0.4078125 0.01796875 0.01484375
0 0.45859375 0.32421875 0.04765625 0.025
0 0.53046875 0.32734375 0.03125 0.01171875
0 0.546875 0.340625 0.01953125 0.01640625
0 0.73125 0.33203125 0.04296875 0.028125
0 0.90234375 0.38203125 0.04921875 0.03203125